function Kd=GTran_KdDCalc(x,y)
% Conical_Diffuser_Loss_Coefficient;
KdD=[0.101016259946654,0.170728831787527,0.0599999986588955;0.121180933416001,0.175977179208193,0.0599999986588955;0.151370917429813,0.186962849532419,0.0599999986588955;0.185296822450360,0.194664989331441,0.0599999986588955;0.215643942848238,0.200649147793699,0.0599999986588955;0.250961032551918,0.208915123224716,0.0599999986588955;0.289124106902061,0.217521681589629,0.0599999986588955;0.387642463255942,0.231100762136905,0.0599999986588955;0.484216320239141,0.243062041336247,0.0599999986588955;0.629814389210284,0.263501064138227,0.0599999986588955;0.575031022977089,0.255642394077960,0.0599999986588955;0.732962767957990,0.274356279697144,0.0599999986588955;0.906355696639038,0.297426846025071,0.0599999986588955;1.09833070699321,0.312820980315605,0.0599999986588955;1.31757697013585,0.332349246452299,0.0599999986588955;1.56468850364230,0.363951205672747,0.0599999986588955;1.80262603836077,0.390593636325934,0.0599999986588955;2.20663922256875,0.427733689947412,0.0599999986588955;2.64712403120037,0.473156689785404,0.0599999986588955;3.04966370613607,0.523403298134330,0.0599999986588955;3.58519359035966,0.602837851213699,0.0599999986588955;3.77110874981672,0.640471055893345,0.0599999986588955;4.08883230143486,0.687355653130687,0.0599999986588955;4.43332470591564,0.760349098478974,0.0599999986588955;4.66321898936837,0.841093943018866,0.0599999986588955;4.95488501226922,0.930413682310040,0.0599999986588955;5.26479147056839,1.01888302538875,0.0599999986588955;5.59408348819054,1.11576485658631,0.0599999986588955;6.18929927814187,1.23425335792363,0.0599999986588955;7.13049196501109,1.35161360943786,0.0599999986588955;7.80982066234618,1.42156985862191,0.0599999986588955;8.64079648244347,1.49514726192910,0.0599999986588955;9.75549115823266,1.52563386464944,0.0599999986588955;10.9031755159683,1.57253287363674,0.0599999986588955;12.6888573412663,1.57253287363674,0.0599999986588955;14.6184171547194,1.58848423235511,0.0599999986588955;16.6719745396147,1.60459739744918,0.0599999986588955;19.5996062826201,1.62087358963838,0.0599999986588955;0.280485531363256,0.215337342273105,0.0599999986588955;0.323138133271827,0.224208414989746,0.0599999986588955;0.101016259946654,0.245527614504563,0.0799999982118607;0.119961809392454,0.253075248916733,0.0799999982118607;0.148340545447252,0.266173880365394,0.0799999982118607;0.181587265798480,0.277139295416347,0.0799999982118607;0.209200828968981,0.288556371601670,0.0799999982118607;0.241013390028251,0.297426846025071,0.0799999982118607;0.289124106902061,0.309679671406137,0.0799999982118607;0.353923808118948,0.325708026214655,0.0799999982118607;0.433246688751035,0.339125925855373,0.0799999982118607;0.519730769304528,0.353096728037413,0.0799999982118607;0.623478299522295,0.371372208282723,0.0799999982118607;0.778806551387983,0.394555612771131,0.0799999982118607;0.915566709054216,0.410809924209973,0.0799999982118607;1.05479464628643,0.436455280616292,0.0799999982118607;1.26535059633171,0.468405249089517,0.0799999982118607;1.50266677079987,0.502694256475915,0.0799999982118607;1.83945090327854,0.550493528927824,0.0799999982118607;2.14070808191506,0.602837851213699,0.0799999982118607;2.59412943963948,0.666855964029132,0.0799999982118607;2.89931803529206,0.737672453489625,0.0799999982118607;3.30660538796067,0.849625557670310,0.0799999982118607;3.65843281688569,0.968742969495425,0.0799999982118607;3.96666158945537,1.09346862896561,0.0799999982118607;14.1816431760952,1.90493258570511,0.0799999982118607;12.3097304230024,1.86686649114922,0.0799999982118607;10.3656587943770,1.84812013239813,0.0799999982118607;9.36880109046357,1.82956201740636,0.0799999982118607;8.05034852297048,1.79300158079241,0.0799999982118607;6.91744473068034,1.73952689133496,0.0799999982118607;5.94397142750794,1.63731530383012,0.0799999982118607;5.31829591675719,1.54110989209388,0.0799999982118607;4.80684323640822,1.43598988833211,0.0799999982118607;4.47837740243308,1.29813498767616,0.0799999982118607;4.13038249931702,1.15006421716636,0.0799999982118607;16.5042469857934,1.90493258570511,0.0799999982118607;17.7147338709882,1.90493258570511,0.0799999982118607;19.7987910149181,1.92425522010654,0.0799999982118607;14.9170397869626,1.88580349245384,0.0799999982118607;12.5611966582843,1.88580349245384,0.0799999982118607;11.4685747234449,1.84812013239813,0.0799999982118607;0.101016259946654,0.319199473773264,0.100000001490116;0.123656477348057,0.332349246452299,0.100000001490116;0.165792138235843,0.360296406729220,0.100000001490116;0.198887265993530,0.375139358687604,0.100000001490116;0.224544492274642,0.386671344194075,0.100000001490116;0.253511446230589,0.398557932555026,0.100000001490116;0.313483430290928,0.414976964048315,0.100000001490116;0.387642463255942,0.440882567868822,0.100000001490116;0.446590146747529,0.463701702862750,0.100000001490116;0.535737775044386,0.487701907283823,0.100000001490116;0.629814389210284,0.507793322661498,0.100000001490116;0.732962767957990,0.534075614644237,0.100000001490116;0.853004186365559,0.550493528927824,0.100000001490116;1.00279361328988,0.590791550581953,0.100000001490116;1.22754377803096,0.615129856967650,0.100000001490116;1.47258415171365,0.646967657479457,0.100000001490116;1.71375681458684,0.680453314179591,0.100000001490116;1.97436392186598,0.730264744814228,0.100000001490116;2.34465441292127,0.807815112780873,0.100000001490116;2.67402539294748,0.911821310342292,0.100000001490116;3.01898393954066,1.01888302538875,0.100000001490116;3.30660538796067,1.11576485658631,0.100000001490116;3.51342198135785,1.22185882399804,0.100000001490116;3.80943336083020,1.37917315029658,0.100000001490116;4.08883230143486,1.48013356540034,0.100000001490116;4.52388976585357,1.60459739744918,0.100000001490116;5.10748826236950,1.72205922810530,0.100000001490116;5.76637312145474,1.79300158079241,0.100000001490116;6.71076299318750,1.86686649114922,0.100000001490116;7.57647621698441,1.94377435754157,0.100000001490116;8.90692404406842,1.98340863178684,0.100000001490116;10.3656587943770,2.02385053829442,0.100000001490116;12.1858939306475,2.08606560354157,0.100000001490116;14.6184171547194,2.12860069628800,0.100000001490116;16.6719745396147,2.17200421119101,0.100000001490116;19.7987910149181,2.19403587971627,0.100000001490116;19.0140026618639,2.17200421119101,0.100000001490116;13.2125855211913,2.12860069628800,0.100000001490116;9.36880109046357,2.00352780582838,0.100000001490116;0.101016259946654,0.502694256475915,0.150000005960464;0.126182584943874,0.518147348095380,0.150000005960464;0.183432671708378,0.550493528927824,0.150000005960464;0.167477015496958,0.544965542201100,0.150000005960464;0.213474478690846,0.573171788446305,0.150000005960464;0.261319282787078,0.590791550581953,0.150000005960464;0.329739346088178,0.621369652617533,0.150000005960464;0.395561439849485,0.634039443902634,0.150000005960464;0.446590146747529,0.646967657479457,0.150000005960464;0.530348065940635,0.680453314179591,0.150000005960464;0.604850049937587,0.694328097673487,0.150000005960464;0.718289228766649,0.730264744814228,0.150000005960464;0.844422239694621,0.760349098478974,0.150000005960464;0.953356021619691,0.791672514158568,0.150000005960464;1.15528546046725,0.832647783511793,0.150000005960464;1.33096709707484,0.875743844819447,0.150000005960464;1.61287863327378,0.939851065543527,0.150000005960464;1.83945090327854,1.00865153029488,0.150000005960464;2.11917202520504,1.08248843552445,0.150000005960464;2.49130282921613,1.19744253027862,0.150000005960464;2.89931803529206,1.35161360943786,0.150000005960464;3.37415490931855,1.51031364141258,0.150000005960464;3.77110874981672,1.65392336925626,0.150000005960464;4.13038249931702,1.77499648460368,0.150000005960464;4.80684323640822,1.90493258570511,0.150000005960464;5.59408348819054,2.02385053829442,0.150000005960464;6.77895966015600,2.12860069628800,0.150000005960464;7.96936484308004,2.19403587971627,0.150000005960464;9.27455424061571,2.26148201527049,0.150000005960464;