function Loss=Bend_LossCoefCalc(x,y)
% Loss Coefficient for Circular Cross-section Bends
LossCoefD=[0.632768377414540,10.1102572341003,0.0199999995529652;0.664738903592795,10.4484950339673,0.0199999995529652;0.698324835505295,10.7980484763834,0.0199999995529652;0.741687247995124,11.1592958510807,0.0199999995529652;0.783439725540741,11.4695506607526,0.0199999995529652;0.823022969242634,11.6598287218082,0.0199999995529652;0.869354152818620,11.8532633029275,0.0199999995529652;0.948970081516190,11.9839994461610,0.0199999995529652;0.928407424059143,11.8532633029275,0.0199999995529652;1.00239132089582,11.9839994461610,0.0199999995529652;1.06463468169672,11.8532633029275,0.0199999995529652;1.15578715181787,11.9184519524109,0.0199999995529652;1.24789072099377,11.4068173023651,0.0199999995529652;1.36217323559714,11.0982594489857,0.0199999995529652;1.47880043864955,10.7980484763834,0.0199999995529652;1.61422969922691,10.3913461466584,0.0199999995529652;1.71446518379983,10.1102572341003,0.0199999995529652;1.20755152088702,11.5326293477544,0.0199999995529652;1.14319651549562,11.7239533896621,0.0199999995529652;1.13074310063122,11.7239533896621,0.0199999995529652;0.913278217647629,11.9839994461610,0.0199999995529652;0.908290066867787,11.9184519524109,0.0199999995529652;0.500000000000000,11.6598287218082,0.0299999993294477;0.533963771847743,12.5903868641616,0.0299999993294477;0.570234619291738,13.5952133302591,0.0299999993294477;0.612313530344760,14.5200824411490,0.0299999993294477;0.661108321401820,15.3386898169597,0.0299999993294477;0.721652879898303,16.2925643191535,0.0299999993294477;0.796418050315875,17.1169645295198,0.0299999993294477;0.888608879989061,17.7868957974122,0.0299999993294477;0.938632419293286,17.8847150552912,0.0299999993294477;1.00789625729381,17.9830782197981,0.0299999993294477;1.09419080367259,17.7868957974122,0.0299999993294477;1.21418322621446,17.2110994919376,0.0299999993294477;1.34733432015295,16.5628551981731,0.0299999993294477;1.49508709010636,15.8518438946941,0.0299999993294477;1.67731499779222,15.0058505182930,0.0299999993294477;1.92343165584161,14.0500399928878,0.0299999993294477;2.14608200900900,13.3002037376536,0.0299999993294477;2.36842178312011,12.6596296003875,0.0299999993294477;2.68635934511417,11.7884312064628,0.0299999993294477;3.04697797351322,10.9171457002825,0.0299999993294477;3.41835689886584,10.1658600874027,0.0299999993294477;1.00239132089582,17.9830782197981,0.0299999993294477;0.980671110985129,17.9830782197981,0.0299999993294477;0.948970081516190,17.9830782197981,0.0299999993294477;1.01899675931086,17.9830782197981,0.0299999993294477;1.04728559348598,17.8847150552912,0.0299999993294477;0.548787497525479,17.2110994919376,0.0399999991059303;0.589283776625593,18.2814144377374,0.0399999991059303;0.653906479762141,19.4182842227334,0.0399999991059303;0.729600809243218,20.6258584300126,0.0399999991059303;0.805189383415799,21.7886941915115,0.0399999991059303;0.864606153885590,22.0290160811241,0.0399999991059303;0.943786934681922,22.5176336542381,0.0399999991059303;1.04156575813103,22.6414696646548,0.0399999991059303;1.10624171380873,22.5176336542381,0.0399999991059303;1.25474389191365,21.7886941915115,0.0399999991059303;1.39234299410339,20.8533488883238,0.0399999991059303;1.56204781290002,19.7404302648666,0.0399999991059303;1.71446518379983,18.9969204570446,0.0399999991059303;1.91292624037384,17.9830782197981,0.0399999991059303;2.14608200900900,17.0233388010823,0.0399999991059303;2.39450648240388,16.1148232966132,0.0399999991059303;2.70111230339376,15.1713553479572,0.0399999991059303;3.09745261309132,14.2831277736416,0.0399999991059303;3.49406793424774,13.4468989806802,0.0399999991059303;4.09550456539117,12.3849230904345,0.0399999991059303;4.72223862804520,11.5326293477544,0.0399999991059303;5.38556873878351,10.7980484763834,0.0399999991059303;6.14207363635952,10.1658600874027,0.0399999991059303;1.07048114058444,22.6414696646548,0.0399999991059303;1.18138581896514,22.2719886394790,0.0399999991059303;0.991471711213253,22.6414696646548,0.0399999991059303;0.832087315046013,21.9085286369877,0.0399999991059303;0.721652879898303,20.6258584300126,0.0399999991059303;0.770672915872837,21.1993082534212,0.0399999991059303;0.554831584588029,17.3057531048261,0.0399999991059303;0.605643282310026,18.5847000029378,0.0399999991059303;0.500000000000000,15.8518438946941,0.0399999991059303;0.500000000000000,19.2064447372553,0.0500000007450581;0.548787497525479,20.6258584300126,0.0500000007450581;0.599045671065962,21.9085286369877,0.0500000007450581;0.668389442802704,23.6570197145979,0.0500000007450581;0.758114347043681,24.7181207786410,0.0500000007450581;0.845871285575820,25.8268088618932,0.0500000007450581;0.888608879989061,26.2552712409766,0.0500000007450581;0.923336640450332,26.2552712409766,0.0500000007450581;0.975314873124088,26.8376387160128,0.0500000007450581;1.09419080367259,26.6908417382666,0.0500000007450581;1.24789072099377,25.9688508813652,0.0500000007450581;1.45470209938816,24.9907463589826,0.0500000007450581;1.67731499779222,24.0494869855349,0.0500000007450581;1.93399432296276,22.8911973778253,0.0500000007450581;2.25451266984665,21.6695223797506,0.0500000007450581;2.52930334504408,20.7392917420587,0.0500000007450581;2.82208748495942,19.9581604996995,0.0500000007450581;3.09745261309132,19.1013953138576,0.0500000007450581;3.43713023683240,18.3819543205063,0.0500000007450581;3.83500197911437,17.4966287137005,0.0500000007450581;4.34981365166864,16.5628551981731,0.0500000007450581;4.90678722970304,15.6789112705598,0.0500000007450581;5.53507997088324,14.7609685532877,0.0500000007450581;6.38211190599115,13.8967634167671,0.0500000007450581;7.31857527492739,13.1551088260015,0.0500000007450581;8.34660746749612,12.4530356759384,0.0500000007450581;9.26192388653326,11.7884312064628,0.0500000007450581;10,11.3444267549360,0.0500000007450581;0.928407424059143,26.5448564935761,0.0500000007450581;0.980671110985129,26.8376387160128,0.0500000007450581;1.03021945824406,26.6908417382666,0.0500000007450581;0.913278217647629,26.5448564935761,0.0500000007450581;0.762277566243565,24.8540597659560,0.0500000007450581;0.664738903592795,23.3989451297556,0.0500000007450581;0.702159697839998,24.0494869855349,0.0500000007450581;0.805189383415799,25.4053386029294,0.0500000007450581;0.964690222341397,26.6908417382666,0.0500000007450581;1.01343113618951,26.8376387160128,0.0500000007450581;0.500000000000000,21.6695223797506,0.0599999986588955;0.551801259811831,23.3989451297556,0.0599999986588955;0.625875277327976,25.5450626245779,0.0599999986588955;0.698324835505295,27.5837898577602,0.0599999986588955;0.779160705487261,28.9795220265314,0.0599999986588955;0.836656784045792,29.7852161265943,0.0599999986588955;0.913278217647629,30.4458711447239,0.0599999986588955;0.959421543136804,30.9509629837386,0.0599999986588955;1.01899675931086,31.2923398581796,0.0599999986588955;1.06463468169672,31.4644342107047,0.0599999986588955;1.13695259499024,31.4644342107047,0.0599999986588955;1.20095644877036,31.4644342107047,0.0599999986588955;1.33265705331983,31.2923398581796,0.0599999986588955;1.45470209938816,30.6133170357400,0.0599999986588955;1.64097018208337,29.7852161265943,0.0599999986588955;1.80108781375081,29.7852161265943,0.0599999986588955;2.06536596911060,28.0414002536009,0.0599999986588955;2.29186053042230,27.2828705909507,0.0599999986588955;2.52930334504408,26.3996726242629,0.0599999986588955;5.04300794239129,20.2892629977106,0.0599999986588955;5.56547690771735,19.4182842227334,0.0599999986588955;6.31258798902266,18.4830471292024,0.0599999986588955;6.92853942361814,17.7868957974122,0.0599999986588955;7.73056607434079,16.9302298499037,0.0599999986588955;8.67280306646964,16.2034478639628,0.0599999986588955;9.26192388653326,15.5931560797543,0.0599999986588955;9.94538077793684,15.0058505182930,0.0599999986588955;1.78146755615260,29.2991482263246,0.0599999986588955;1.84097939487001,28.9795220265314,0.0599999986588955;8.57832536862306,22.6414696646548,0.0799999982118607;